max(max)=202.0
avg(max)=89.50270270270269
avg(p99)=0.9768078835137658
avg(rps)=67934.79744870921
avg(stddev)=0.37385558457617285